5
 -1.725844322818500e+00  1.000000000000000e+00  0.000000000000000e+00  0.000000000000000e+00  0.000000000000000e+00 -2.000000000000000e+00
  1.000000000000000e+00 -1.725844322818500e+00  1.000000000000000e+00  0.000000000000000e+00  0.000000000000000e+00  0.000000000000000e+00
  0.000000000000000e+00  1.000000000000000e+00 -1.725844322818500e+00  1.000000000000000e+00  0.000000000000000e+00  0.000000000000000e+00
  0.000000000000000e+00  0.000000000000000e+00  1.000000000000000e+00 -1.725844322818500e+00  1.000000000000000e+00 -0.000000000000000e+00
  0.000000000000000e+00  0.000000000000000e+00  0.000000000000000e+00  1.000000000000000e+00 -1.725844322818500e+00  2.000000000000000e+00

  1.744564700038279e+00  1.010847083350622e+00  3.147679729430032e-14 -1.010847083350569e+00 -1.744564700038249e+00
  3.02900187e-03

5
 -1.725844322818500e+00  1.000000000000000e+00  0.000000000000000e+00  0.000000000000000e+00  0.000000000000000e+00 -1.762574218887082e+00
  1.000000000000000e+00 -1.725844322818500e+00  1.000000000000000e+00  0.000000000000000e+00  0.000000000000000e+00  1.370778388748534e-01
  0.000000000000000e+00  1.000000000000000e+00 -1.725844322818500e+00  1.000000000000000e+00  0.000000000000000e+00  4.920811303936179e-10
  0.000000000000000e+00  0.000000000000000e+00  1.000000000000000e+00 -1.725844322818500e+00  1.000000000000000e+00 -1.370778380225440e-01
  0.000000000000000e+00  0.000000000000000e+00  0.000000000000000e+00  1.000000000000000e+00 -1.725844322818500e+00  1.762574219379162e+00

  1.468180054997135e+00  7.712759939050777e-01  7.928499164372629e-08 -7.712758565794439e-01 -1.468179975712145e+00
  6.71999529e-04
